22924	50.1126861572	59.0000000000
47192	50.1085052490	59.0000000000
71344	50.1106262207	59.0000000000
95604	50.1147308349	59.0000000000
119864	50.1129837036	59.0000000000
144180	50.1113815307	59.0000000000
168520	50.1112670898	59.0000000000
192836	50.1115036010	59.0000000000
217148	50.1147308349	59.0000000000
241468	50.1115570068	59.0000000000
265800	50.1076049804	59.0000000000
290112	50.1084976196	59.0000000000
314424	50.1113739013	59.0000000000
338748	50.1123046875	59.0000000000
363080	50.1091537475	59.0000000000
387404	50.1112213134	59.0000000000
411736	50.1124801635	59.0000000000
436060	50.1135177612	59.0000000000
460392	50.1099472045	59.0000000000
484724	50.1102218627	59.0000000000
509048	50.1132659912	59.0000000000
533380	50.1118545532	59.0000000000
557704	50.1105957031	59.0000000000
582028	50.1109771728	59.0000000000
606360	50.1111602783	59.0000000000
630692	50.1140518188	59.0000000000
655028	50.1141510009	59.0000000000
679344	50.1127243041	59.0000000000
703688	50.1145324707	59.0000000000
728008	50.1085357666	59.0000000000
752336	50.1116714477	59.0000000000
776672	50.1117401123	59.0000000000
800996	50.1086730957	59.0000000000
825220	50.1131057739	59.0000000000
849544	50.1127014160	59.0000000000
873876	50.1121292114	59.0000000000
898204	50.1109313964	59.0000000000
922528	50.1111755371	59.0000000000
946868	50.1114654541	59.0000000000
971228	50.1106567382	59.0000000000
995556	50.1111450195	59.0000000000
1019888	50.1130752563	59.0000000000
1044176	50.1118698120	59.0000000000
1068568	50.1145477294	59.0000000000
1092964	50.1128082275	59.0000000000
1117340	50.1151885986	59.0000000000
1141740	50.1138610839	59.0000000000
1166028	50.1123657226	59.0000000000
1190424	50.1107635498	59.0000000000
1214900	50.1155090332	59.0000000000
1239192	50.1129226684	59.0000000000
1263564	50.1097564697	59.0000000000
1287856	50.1128234863	59.0000000000
1312256	50.1081237792	59.0000000000
1336644	50.1129608154	59.0000000000
1360944	50.1117477416	59.0000000000
1385240	50.1073684692	59.0000000000
1409632	50.1103515625	59.0000000000
1434032	50.1104888916	59.0000000000
1458328	50.1120834350	59.0000000000
1482696	50.1136322021	59.0000000000
1506992	50.1145019531	59.0000000000
1531392	50.1134262084	59.0000000000
1555780	50.1095275878	59.0000000000
1580156	50.1089782714	59.0000000000
1604548	50.1117095947	59.0000000000
1629024	50.1088256835	59.0000000000
1653428	50.1107635498	59.0000000000
1677716	50.1125335693	59.0000000000
1702008	50.1108551025	59.0000000000
1726376	50.1111068725	59.0000000000
1750772	50.1139755249	59.0000000000
1775176	50.1116180419	59.0000000000
1799572	50.1104202270	59.0000000000
1823860	50.1160049438	59.0000000000
1848232	50.1099243164	59.0000000000
1872624	50.1128005981	59.0000000000
1896988	50.1114044189	59.0000000000
1921396	50.1148376464	59.0000000000
1945688	50.1120681762	59.0000000000
1969980	50.1140899658	59.0000000000
1994360	50.1168670654	59.0000000000
2018740	50.1144561767	59.0000000000
2043136	50.1115112304	59.0000000000
2067436	50.1125793457	59.0000000000
2091728	50.1147384643	59.0000000000
2116120	50.1110610961	59.0000000000
2140420	50.1106491088	59.0000000000
2164792	50.1136627197	59.0000000000
2189188	50.1104965209	59.0000000000
2213556	50.1091308593	59.0000000000
2237948	50.1116333007	59.0000000000
2262340	50.1138458251	59.0000000000
2286744	50.1125411987	59.0000000000
2311148	50.1119842529	59.0000000000
2335440	50.1093750000	59.0000000000
2359776	50.1143646240	59.0000000000
2384168	50.1125335693	59.0000000000
2408468	50.1114196777	59.0000000000
2432860	50.1094131469	59.0000000000
2457152	50.1130065917	59.0000000000
2481548	50.1092529296	59.0000000000
2505928	50.1164016723	59.0000000000
2530324	50.1100769042	59.0000000000
2554684	50.1123733520	59.0000000000
2579076	50.1097030639	59.0000000000
2603444	50.1099853515	59.0000000000
2627736	50.1113433837	59.0000000000
2652036	50.1109924316	59.0000000000
2676320	50.1136627197	59.0000000000
2700708	50.1114425659	59.0000000000
2725016	50.1146545410	59.0000000000
2749316	50.1104431152	59.0000000000
2773700	50.1135177612	59.0000000000
2798096	50.1104736328	59.0000000000
2822476	50.1140747070	59.0000000000
2846840	50.1144409179	59.0000000000
2871236	50.1104965209	59.0000000000
2895600	50.1121063232	59.0000000000
2919900	50.1116943359	59.0000000000
2944296	50.1115646362	59.0000000000
2968696	50.1103973388	59.0000000000
2992988	50.1108093261	59.0000000000
3017280	50.1118164062	59.0000000000
3041580	50.1119003295	59.0000000000
3065972	50.1118774414	59.0000000000
3090372	50.1115188598	59.0000000000
3114672	50.1118469238	59.0000000000
3139072	50.1077270507	59.0000000000
3163460	50.1096801757	59.0000000000
3187832	50.1109008789	59.0000000000
3212196	50.1125946044	59.0000000000
3236588	50.1128540039	59.0000000000
3260960	50.1109542846	59.0000000000
3285252	50.1124038696	59.0000000000
3309624	50.1113281250	59.0000000000
3333912	50.1100616455	59.0000000000
3358208	50.1125259399	59.0000000000
3382596	50.1163406372	59.0000000000
3406896	50.1134796142	59.0000000000
3431300	50.1114654541	59.0000000000
3455696	50.1055526733	59.0000000000
3480088	50.1124649047	59.0000000000
3504500	50.1136169433	59.0000000000
3528904	50.1134109497	59.0000000000
3553300	50.1116180419	59.0000000000
3577692	50.1136703491	59.0000000000
3602100	50.1088562011	59.0000000000
3626468	50.1118316650	59.0000000000
3650856	50.1103210449	59.0000000000
3675252	50.1102523803	59.0000000000
3699548	50.1105422973	59.0000000000
3723956	50.1139755249	59.0000000000
3748352	50.1096954345	59.0000000000
3772740	50.1131286621	59.0000000000
3797144	50.1170959472	59.0000000000
3821444	50.1103057861	59.0000000000
3845916	50.1099853515	59.0000000000
3870304	50.1105194091	59.0000000000
3894680	50.1114425659	59.0000000000
3919076	50.1113052368	59.0000000000
3943472	50.1104660034	59.0000000000
3967836	50.1137161254	59.0000000000
3992244	50.1087341308	59.0000000000
4016532	50.1129150390	59.0000000000
4040924	50.1129913330	59.0000000000
4065328	50.1118774414	59.0000000000
4089624	50.1105041503	59.0000000000
4113992	50.1108474731	59.0000000000
4138380	50.1096572875	59.0000000000
4162760	50.1155471801	59.0000000000
4187044	50.1155242919	59.0000000000
4211444	50.1100616455	59.0000000000
4235820	50.1131591796	59.0000000000
4260212	50.1101684570	59.0000000000
4284572	50.1134338378	59.0000000000
4308868	50.1140747070	59.0000000000
4333236	50.1097335815	59.0000000000
4357632	50.1129608154	59.0000000000
4382020	50.1131591796	59.0000000000
4406424	50.1131744384	59.0000000000
4430724	50.1129074096	59.0000000000
4455092	50.1135025024	59.0000000000
4479488	50.1101760864	59.0000000000
4503876	50.1126098632	59.0000000000
4528252	50.1086502075	59.0000000000
4552540	50.1133422851	59.0000000000
4576948	50.1109848022	59.0000000000
4601316	50.1123504638	59.0000000000
4625704	50.1120681762	59.0000000000
4650100	50.1139831542	59.0000000000
4674396	50.1086196899	59.0000000000
4698800	50.1104354858	59.0000000000
4723200	50.1124725341	59.0000000000
4747588	50.1103897094	59.0000000000
4771960	50.1096343994	59.0000000000
4796252	50.1093597412	59.0000000000
4820552	50.1110153198	59.0000000000
4844840	50.1114044189	59.0000000000
4869236	50.1147460937	59.0000000000
4893608	50.1112976074	59.0000000000
4918004	50.1124649047	59.0000000000
4942300	50.1111450195	59.0000000000
4966600	50.1101989746	59.0000000000
4990992	50.1109695434	59.0000000000
5015356	50.1135940551	59.0000000000
5039748	50.1099166870	59.0000000000
5064116	50.1114120483	59.0000000000
5088516	50.1127853393	59.0000000000
5112812	50.1136627197	59.0000000000
5137104	50.1103515625	59.0000000000
5161392	50.1130752563	59.0000000000
5185792	50.1147918701	59.0000000000
5210092	50.1111145019	59.0000000000
5234488	50.1133422851	59.0000000000
5258888	50.1126708984	59.0000000000
5283296	50.1127777099	59.0000000000
5307584	50.1093750000	59.0000000000
5331912	50.1100997924	59.0000000000
5356380	50.1105957031	59.0000000000
5380680	50.1122894287	59.0000000000
5405076	50.1121215820	59.0000000000
5429368	50.1102523803	59.0000000000
5453748	50.1114044189	59.0000000000
5478132	50.1155471801	59.0000000000
5502428	50.1090927124	59.0000000000
5526820	50.1129684448	59.0000000000
5551124	50.1122283935	59.0000000000
5575516	50.1147003173	59.0000000000
5599816	50.1112060546	59.0000000000
5624104	50.1120223999	59.0000000000
5648404	50.1134490966	59.0000000000
5672796	50.1111450195	59.0000000000
5697204	50.1078720092	59.0000000000
5721492	50.1136093139	59.0000000000
5745884	50.1157531738	59.0000000000
5770180	50.1169052124	59.0000000000
5794480	50.1119308471	59.0000000000
5818772	50.1113128662	59.0000000000
5843064	50.1133270263	59.0000000000
5867460	50.1141357421	59.0000000000
5891760	50.1139907836	59.0000000000
5916160	50.1119384765	59.0000000000
5940452	50.1126632690	59.0000000000
5964848	50.1109771728	59.0000000000
5989212	50.1105041503	59.0000000000
6013684	50.1104507446	59.0000000000
6037980	50.1098022460	59.0000000000
6062344	50.1113739013	59.0000000000
6086744	50.1123046875	59.0000000000
6111036	50.1140441894	59.0000000000
6135428	50.1104965209	59.0000000000
6159804	50.1146392822	59.0000000000
6184196	50.1119842529	59.0000000000
6208492	50.1088409423	59.0000000000
6232860	50.1140136718	59.0000000000
6257148	50.1107101440	59.0000000000
6281516	50.1100082397	59.0000000000
6305908	50.1106414794	59.0000000000
6330204	50.1089248657	59.0000000000
6354612	50.1101455688	59.0000000000
6379008	50.1108245849	59.0000000000
6403396	50.1120376586	59.0000000000
6427768	50.1141815185	59.0000000000
6452168	50.1118927001	59.0000000000
6476636	50.1118240356	59.0000000000
6501044	50.1137619018	59.0000000000
6525436	50.1155624389	59.0000000000
6549732	50.1100921630	59.0000000000
6574128	50.1089248657	59.0000000000
6598492	50.1129379272	59.0000000000
6622900	50.1153411865	59.0000000000
6647292	50.1161651611	59.0000000000
6671684	50.1138534545	59.0000000000
6696088	50.1115264892	59.0000000000
6720388	50.1143264770	59.0000000000
6744772	50.1127548217	59.0000000000
6769152	50.1111450195	59.0000000000
6793444	50.1131057739	59.0000000000
6817840	50.1138000488	59.0000000000
6842204	50.1119842529	59.0000000000
6866612	50.1141510009	59.0000000000
6890976	50.1099777221	59.0000000000
6915368	50.1129989624	59.0000000000
6939760	50.1117401123	59.0000000000
6964164	50.1120223999	59.0000000000
6988456	50.1112442016	59.0000000000
7012864	50.1122589111	59.0000000000
7037260	50.1121826171	59.0000000000
7061656	50.1122283935	59.0000000000
7085956	50.1115951538	59.0000000000
7110352	50.1133651733	59.0000000000
7134748	50.1108779907	59.0000000000
7159040	50.1136550903	59.0000000000
7183420	50.1106185913	59.0000000000
7207812	50.1089324951	59.0000000000
7232196	50.1106109619	59.0000000000
7256576	50.1095733642	59.0000000000
7280964	50.1143493652	59.0000000000
7305368	50.1117706298	59.0000000000
7329668	50.1095886230	59.0000000000
7354036	50.1110916137	59.0000000000
7378428	50.1108703613	59.0000000000
7402796	50.1126861572	59.0000000000
7427092	50.1143035888	59.0000000000
7451484	50.1129150390	59.0000000000
7475892	50.1137542724	59.0000000000
7500288	50.1115722656	59.0000000000
7524684	50.1135940551	59.0000000000
7549080	50.1124649047	59.0000000000
7573380	50.1130218505	59.0000000000
7597764	50.1147994995	59.0000000000
7622144	50.1136322021	59.0000000000
7646532	50.1115722656	59.0000000000
7670936	50.1128158569	59.0000000000
7695340	50.1082534790	59.0000000000
7719712	50.1124267578	59.0000000000
7744000	50.1115646362	59.0000000000
7768388	50.1103591918	59.0000000000
7792764	50.1107635498	59.0000000000
7817156	50.1134490966	59.0000000000
7841632	50.1128692626	59.0000000000
7866036	50.1106567382	59.0000000000
7890432	50.1110534667	59.0000000000
7914820	50.1146087646	59.0000000000
7939300	50.1118621826	59.0000000000
7963696	50.1126251220	59.0000000000
7988100	50.1124572753	59.0000000000
8012496	50.1109771728	59.0000000000
8036888	50.1103515625	59.0000000000
8061364	50.1112976074	59.0000000000
8085764	50.1105651855	59.0000000000
8110236	50.1132888793	59.0000000000
8134532	50.1111679077	59.0000000000
8158916	50.1107635498	59.0000000000
8183296	50.1128387451	59.0000000000
8207692	50.1114807128	59.0000000000
8231984	50.1101074218	59.0000000000
8256456	50.1108703613	59.0000000000
8280928	50.1096496582	59.0000000000
8305224	50.1116867065	59.0000000000
8329620	50.1116790771	59.0000000000
8354004	50.1129150390	59.0000000000
8378388	50.1153793334	59.0000000000
8402780	50.1112289428	59.0000000000
8427188	50.1110382080	59.0000000000
8451552	50.1142120361	59.0000000000
8475944	50.1094589233	59.0000000000
8500340	50.1125030517	59.0000000000
8524820	50.1102600097	59.0000000000
8549180	50.1070327758	59.0000000000
8573544	50.1115417480	59.0000000000
8597936	50.1120834350	59.0000000000
8622308	50.1139831542	59.0000000000
8646704	50.1123809814	59.0000000000
8671176	50.1144027709	59.0000000000
8695648	50.1112899780	59.0000000000
8720048	50.1075439453	59.0000000000
8744448	50.1115264892	59.0000000000
8768844	50.1098175048	59.0000000000
8793208	50.1106567382	59.0000000000
8817604	50.1138916015	59.0000000000
8842080	50.1106109619	59.0000000000
8866480	50.1093902587	59.0000000000
8890772	50.1132888793	59.0000000000
8915064	50.1137847900	59.0000000000
8939432	50.1143875122	59.0000000000
8963828	50.1124877929	59.0000000000
8988124	50.1094055175	59.0000000000
9012416	50.1138992309	59.0000000000
9036812	50.1125335693	59.0000000000
9061212	50.1109390258	59.0000000000
9085684	50.1144943237	59.0000000000
9109980	50.1096343994	59.0000000000
9134272	50.1131591796	59.0000000000
9158564	50.1102523803	59.0000000000
9182956	50.1111221313	59.0000000000
9207368	50.1110076904	59.0000000000
9231756	50.1133346557	59.0000000000
9256156	50.1105270385	59.0000000000
9280536	50.1091003417	59.0000000000
9304896	50.1140518188	59.0000000000
9329288	50.1119689941	59.0000000000
9353696	50.1115875244	59.0000000000
9378088	50.1104049682	59.0000000000
9402484	50.1114501953	59.0000000000
9426780	50.1114501953	59.0000000000
9451188	50.1102523803	59.0000000000
9475584	50.1127166748	59.0000000000
9499980	50.1122665405	59.0000000000
9524376	50.1116714477	59.0000000000
9548780	50.1114120483	59.0000000000
9573072	50.1117935180	59.0000000000
9597464	50.1100692749	59.0000000000
9621836	50.1142883300	59.0000000000
9646128	50.1108245849	59.0000000000
9670492	50.1118164062	59.0000000000
9694900	50.1115798950	59.0000000000
9719296	50.1115570068	59.0000000000
9743684	50.1117095947	59.0000000000
9767984	50.1107940673	59.0000000000
9792348	50.1099777221	59.0000000000
9816752	50.1119842529	59.0000000000
9841152	50.1120910644	59.0000000000
9865516	50.1130676269	59.0000000000
9889812	50.1116943359	59.0000000000
9914204	50.1119232177	59.0000000000
9938612	50.1105957031	59.0000000000
9963008	50.1123046875	59.0000000000
9987396	50.1143569946	59.0000000000
10011800	50.1107940673	59.0000000000
10036244	50.1135787963	59.0000000000
10060680	50.1103439331	59.0000000000
10085212	50.1088562011	59.0000000000
10109648	50.1137237548	59.0000000000
10134088	50.1123962402	59.0000000000
10158516	50.1093750000	59.0000000000
10182988	50.1130065917	59.0000000000
10207432	50.1099853515	59.0000000000
10231788	50.1114120483	59.0000000000
10256220	50.1128082275	59.0000000000
10280656	50.1109466552	59.0000000000
10305100	50.1129684448	59.0000000000
10329460	50.1115188598	59.0000000000
10353892	50.1109848022	59.0000000000
10378328	50.1117553710	59.0000000000
10402760	50.1135253906	59.0000000000
10427196	50.1083831787	59.0000000000
10451636	50.1096801757	59.0000000000
10476064	50.1116561889	59.0000000000
10500500	50.1162948608	59.0000000000
10524932	50.1129455566	59.0000000000
10549368	50.1139450073	59.0000000000
10573808	50.1098022460	59.0000000000
10598236	50.1100692749	59.0000000000
10622672	50.1103363037	59.0000000000
10647112	50.1154327392	59.0000000000
10671476	50.1111450195	59.0000000000
10695908	50.1102294921	59.0000000000
10720344	50.1144104003	59.0000000000
10744776	50.1119232177	59.0000000000
10769212	50.1147537231	59.0000000000
10793652	50.1089935302	59.0000000000
10818080	50.1096496582	59.0000000000
10842516	50.1113891601	59.0000000000
10866948	50.1134033203	59.0000000000
10891384	50.1121444702	59.0000000000
10915820	50.1117324829	59.0000000000
10940360	50.1126861572	59.0000000000
10964792	50.1119689941	59.0000000000
10989236	50.1122055053	59.0000000000
11013596	50.1129455566	59.0000000000
11037952	50.1119079589	59.0000000000
11062392	50.1118392944	59.0000000000
11086832	50.1133041381	59.0000000000
11111264	50.1126098632	59.0000000000
11135696	50.1113433837	59.0000000000
11160136	50.1105651855	59.0000000000
11184564	50.1108779907	59.0000000000
11209000	50.1114196777	59.0000000000
11233436	50.1103286743	59.0000000000
11257876	50.1112365722	59.0000000000
11282336	50.1126403808	59.0000000000
11306672	50.1113662719	59.0000000000
11331036	50.1127090454	59.0000000000
11355392	50.1110839843	59.0000000000
11379732	50.1138916015	59.0000000000
11404164	50.1109008789	59.0000000000
11428592	50.1091461181	59.0000000000
11453036	50.1112823486	59.0000000000
11477396	50.1126861572	59.0000000000
11501828	50.1104507446	59.0000000000
11526264	50.1104736328	59.0000000000
11550700	50.1125793457	59.0000000000
11575240	50.1129455566	59.0000000000
11599676	50.1130218505	59.0000000000
11624116	50.1124801635	59.0000000000
11648544	50.1142578125	59.0000000000
11672980	50.1134338378	59.0000000000
11697412	50.1084136962	59.0000000000
11721848	50.1087493896	59.0000000000
11746288	50.1068649291	59.0000000000
11770648	50.1116027832	59.0000000000
11795188	50.1121520996	59.0000000000
11819544	50.1101989746	59.0000000000
11843988	50.1130828857	59.0000000000
11868420	50.1098937988	59.0000000000
11892856	50.1115722656	59.0000000000
11917296	50.1112136840	59.0000000000
11941724	50.1118621826	59.0000000000
11966188	50.1146545410	59.0000000000
11990632	50.1106414794	59.0000000000
12015072	50.1081542968	59.0000000000
12039540	50.1090621948	59.0000000000
12063972	50.1123886108	59.0000000000
12088408	50.1125640869	59.0000000000
12112840	50.1119613647	59.0000000000
12137276	50.1124114990	59.0000000000
12161716	50.1106872558	59.0000000000
12186076	50.1137390136	59.0000000000
12210508	50.1114959716	59.0000000000
12234952	50.1113739013	59.0000000000
12259308	50.1132049560	59.0000000000
12283740	50.1117324829	59.0000000000
12308180	50.1137237548	59.0000000000
12332616	50.1099700927	59.0000000000
12357044	50.1119384765	59.0000000000
12381480	50.1127929687	59.0000000000
12405916	50.1116409301	59.0000000000
12430356	50.1090469360	59.0000000000
12454788	50.1088409423	59.0000000000
12479220	50.1116027832	59.0000000000
12503664	50.1110992431	59.0000000000
12528096	50.1148071289	59.0000000000
12552524	50.1109924316	59.0000000000
12576968	50.1109313964	59.0000000000
12601400	50.1136169433	59.0000000000
12625832	50.1115112304	59.0000000000
12650268	50.1101379394	59.0000000000
12674696	50.1091995239	59.0000000000
12699136	50.1122283935	59.0000000000
12723572	50.1150360107	59.0000000000
12748004	50.1102294921	59.0000000000
12772440	50.1117935180	59.0000000000
12796872	50.1081008911	59.0000000000
12821308	50.1120300292	59.0000000000
12845748	50.1068649291	59.0000000000
12870108	50.1106033325	59.0000000000
12894540	50.1127166748	59.0000000000
12918984	50.1110458374	59.0000000000
12943420	50.1146926879	59.0000000000
12967848	50.1134796142	59.0000000000
12992284	50.1092300415	59.0000000000
13016712	50.1122055053	59.0000000000
13041152	50.1098327636	59.0000000000
13065588	50.1115722656	59.0000000000
13089944	50.1091308593	59.0000000000
13114388	50.1113204956	59.0000000000
13138820	50.1096420288	59.0000000000
13163252	50.1118621826	59.0000000000
13187688	50.1144256591	59.0000000000
13212128	50.1089172363	59.0000000000
13236556	50.1121215820	59.0000000000
13261000	50.1104736328	59.0000000000
13285432	50.1104431152	59.0000000000
13309892	50.1128997802	59.0000000000
13334332	50.1104660034	59.0000000000
13358772	50.1108856201	59.0000000000
13383132	50.1132354736	59.0000000000
13407492	50.1101989746	59.0000000000
13431928	50.1098403930	59.0000000000
13456364	50.1131896972	59.0000000000
13480796	50.1131896972	59.0000000000
13505232	50.1129150390	59.0000000000
13529672	50.1089019775	59.0000000000
13554100	50.1113510131	59.0000000000
13578540	50.1106719970	59.0000000000
13602972	50.1120452880	59.0000000000
13627412	50.1139602661	59.0000000000
13651844	50.1136932373	59.0000000000
13676380	50.1128540039	59.0000000000
13700816	50.1138534545	59.0000000000
13725260	50.1123352050	59.0000000000
13749724	50.1098861694	59.0000000000
13774080	50.1091842651	59.0000000000
13798420	50.1109695434	59.0000000000
13822856	50.1093063354	59.0000000000
13847388	50.1096496582	59.0000000000
13871824	50.1169586181	59.0000000000
13896264	50.1100387573	59.0000000000
13920712	50.1090927124	59.0000000000
13945156	50.1119232177	59.0000000000
13969608	50.1092834472	59.0000000000
13994040	50.1136398315	59.0000000000
14018580	50.1150054931	59.0000000000
14043016	50.1128921508	59.0000000000
14067440	50.1094818115	59.0000000000
14091884	50.1132354736	59.0000000000
14116320	50.1124801635	59.0000000000
14140748	50.1119689941	59.0000000000
14165192	50.1146545410	59.0000000000
14189624	50.1130905151	59.0000000000
14214068	50.1128692626	59.0000000000
14238508	50.1093750000	59.0000000000
14262992	50.1097869873	59.0000000000
14287432	50.1127090454	59.0000000000
14311796	50.1126403808	59.0000000000
14336240	50.1133041381	59.0000000000
14360668	50.1111755371	59.0000000000
14385028	50.1099395751	59.0000000000
14409564	50.1111602783	59.0000000000
14434000	50.1121444702	59.0000000000
14458444	50.1154479980	59.0000000000
14482804	50.1116638183	59.0000000000
14507160	50.1108093261	59.0000000000
14531604	50.1102523803	59.0000000000
14556040	50.1122283935	59.0000000000
14580572	50.1136932373	59.0000000000
14605012	50.1148681640	59.0000000000
14629448	50.1129913330	59.0000000000
14653916	50.1100463867	59.0000000000
14678272	50.1143493652	59.0000000000
14702712	50.1134948730	59.0000000000
14727148	50.1119232177	59.0000000000
14751688	50.1122436523	59.0000000000
14776124	50.1109542846	59.0000000000
14800564	50.1112899780	59.0000000000
14824924	50.1115646362	59.0000000000
14849460	50.1108551025	59.0000000000
14873896	50.1118164062	59.0000000000
14898328	50.1123352050	59.0000000000
14922772	50.1105728149	59.0000000000
14947204	50.1110992431	59.0000000000
14971636	50.1101226806	59.0000000000
14996072	50.1105728149	59.0000000000
15020512	50.1113586425	59.0000000000
15044980	50.1115188598	59.0000000000
15069412	50.1119537353	59.0000000000
15093848	50.1107711791	59.0000000000
15118280	50.1111450195	59.0000000000
15142716	50.1107330322	59.0000000000
15167156	50.1121292114	59.0000000000
15191516	50.1111221313	59.0000000000
15215988	50.1108932495	59.0000000000
15240420	50.1135406494	59.0000000000
15264856	50.1080474853	59.0000000000
15289288	50.1112136840	59.0000000000
15313720	50.1117477416	59.0000000000
15338164	50.1102752685	59.0000000000
15362592	50.1078567504	59.0000000000
15387028	50.1141815185	59.0000000000
15411460	50.1115798950	59.0000000000
15435896	50.1106338500	59.0000000000
15460332	50.1119689941	59.0000000000
15484764	50.1113204956	59.0000000000
15509200	50.1157760620	59.0000000000
15533640	50.1131591796	59.0000000000
15558004	50.1104660034	59.0000000000
15582436	50.1104431152	59.0000000000
15606876	50.1115570068	59.0000000000
15631304	50.1086120605	59.0000000000
15655740	50.1109313964	59.0000000000
15680180	50.1125183105	59.0000000000
15704540	50.1107559204	59.0000000000
15728896	50.1087188720	59.0000000000
15753236	50.1114578247	59.0000000000
15777672	50.1096801757	59.0000000000
15802100	50.1112518310	59.0000000000
15826544	50.1129302978	59.0000000000
15850976	50.1136322021	59.0000000000
15875332	50.1138076782	59.0000000000
15899768	50.1120605468	59.0000000000
15924204	50.1101989746	59.0000000000
15948636	50.1118011474	59.0000000000
15973072	50.1118469238	59.0000000000
15997512	50.1123809814	59.0000000000
16021940	50.1123809814	59.0000000000
16046372	50.1092987060	59.0000000000
16070808	50.1115264892	59.0000000000
16095252	50.1083450317	59.0000000000
16119688	50.1124725341	59.0000000000
16144224	50.1137771606	59.0000000000
16168656	50.1092987060	59.0000000000
16193096	50.1125946044	59.0000000000
16217524	50.1101379394	59.0000000000
16241960	50.1096572875	59.0000000000
16266396	50.1105499267	59.0000000000
16290836	50.1150207519	59.0000000000
16315272	50.1099777221	59.0000000000
16339700	50.1111602783	59.0000000000
16364140	50.1119613647	59.0000000000
16388604	50.1123199462	59.0000000000
16413044	50.1103973388	59.0000000000
16437476	50.1127243041	59.0000000000
16461912	50.1113815307	59.0000000000
16486344	50.1101684570	59.0000000000
16510780	50.1096496582	59.0000000000
16535220	50.1126861572	59.0000000000
16559652	50.1115570068	59.0000000000
16584084	50.1121063232	59.0000000000
16608516	50.1130981445	59.0000000000
16632952	50.1106719970	59.0000000000
16657392	50.1109085083	59.0000000000
16681820	50.1113128662	59.0000000000
16706256	50.1101684570	59.0000000000
16730696	50.1102828979	59.0000000000
16755164	50.1104965209	59.0000000000
16779596	50.1128997802	59.0000000000
16804040	50.1131744384	59.0000000000
16828472	50.1129608154	59.0000000000
16852900	50.1127090454	59.0000000000
16877340	50.1119155883	59.0000000000
16901876	50.1109466552	59.0000000000
16926312	50.1110687255	59.0000000000
16950752	50.1102600097	59.0000000000
16975180	50.1113052368	59.0000000000
16999624	50.1128616333	59.0000000000
17023980	50.1125030517	59.0000000000
17048428	50.1091613769	59.0000000000
17072876	50.1136932373	59.0000000000
17097320	50.1127395629	59.0000000000
17121760	50.1124954223	59.0000000000
17146188	50.1115493774	59.0000000000
17170632	50.1101760864	59.0000000000
17194988	50.1090087890	59.0000000000
17219492	50.1119079589	59.0000000000
17243932	50.1099472045	59.0000000000
17268360	50.1112136840	59.0000000000
17292800	50.1127166748	59.0000000000
17317240	50.1110382080	59.0000000000
17341668	50.1132812500	59.0000000000
17366104	50.1150817871	59.0000000000
17390536	50.1122131347	59.0000000000
17414972	50.1104736328	59.0000000000
17439412	50.1111450195	59.0000000000
17463772	50.1118087768	59.0000000000
17488128	50.1095352172	59.0000000000
17512468	50.1116943359	59.0000000000
17536900	50.1118850708	59.0000000000
17561436	50.1097946166	59.0000000000
17585900	50.1126708984	59.0000000000
17610344	50.1088180541	59.0000000000
17634784	50.1135101318	59.0000000000
17659316	50.1102142333	59.0000000000
17683756	50.1112213134	59.0000000000
17708188	50.1100006103	59.0000000000
17732516	50.1132888793	59.0000000000
17756956	50.1088104248	59.0000000000
17781384	50.1108245849	59.0000000000
17805824	50.1110839843	59.0000000000
17830260	50.1098709106	59.0000000000
17854692	50.1115875244	59.0000000000
17879128	50.1135940551	59.0000000000
17903560	50.1114654541	59.0000000000
17927996	50.1109161376	59.0000000000
17952436	50.1110382080	59.0000000000
17976864	50.1148986816	59.0000000000
18001300	50.1101989746	59.0000000000
18025732	50.1129913330	59.0000000000
18050168	50.1131439208	59.0000000000
18074604	50.1120071411	59.0000000000
18099036	50.1121444702	59.0000000000
18123472	50.1083755493	59.0000000000
18147912	50.1096343994	59.0000000000
18172276	50.1106338500	59.0000000000
18196708	50.1090316772	59.0000000000
18221144	50.1119613647	59.0000000000
18245508	50.1109771728	59.0000000000
18269940	50.1085128784	59.0000000000
18294376	50.1125030517	59.0000000000
18318816	50.1115875244	59.0000000000
18343284	50.1095275878	59.0000000000
18367720	50.1141815185	59.0000000000
18392180	50.1113586425	59.0000000000
18416624	50.1115112304	59.0000000000
18441160	50.1130828857	59.0000000000
18465592	50.1102752685	59.0000000000
18490036	50.1096649169	59.0000000000
18514396	50.1122055053	59.0000000000
18538752	50.1126785278	59.0000000000
18563192	50.1108474731	59.0000000000
18587628	50.1122283935	59.0000000000
18611992	50.1142501831	59.0000000000
18636424	50.1130981445	59.0000000000
18660864	50.1146469116	59.0000000000
18685300	50.1127929687	59.0000000000
18709836	50.1109542846	59.0000000000
18734280	50.1069793701	59.0000000000
18758636	50.1117858886	59.0000000000
18783068	50.1099243164	59.0000000000
18807504	50.1090469360	59.0000000000
18831944	50.1099395751	59.0000000000
18856308	50.1110916137	59.0000000000
18880740	50.1120910644	59.0000000000
18905176	50.1126403808	59.0000000000
18929608	50.1126098632	59.0000000000
18954044	50.1122283935	59.0000000000
18978484	50.1147613525	59.0000000000
19002844	50.1101913452	59.0000000000
19027276	50.1118316650	59.0000000000
19051720	50.1109771728	59.0000000000
19076152	50.1114120483	59.0000000000
19100580	50.1114196777	59.0000000000
19125020	50.1083602905	59.0000000000
19149448	50.1138992309	59.0000000000
19173888	50.1127243041	59.0000000000
19198324	50.1123580932	59.0000000000
19222756	50.1140060424	59.0000000000
19247192	50.1102218627	59.0000000000
19271624	50.1128997802	59.0000000000
19296060	50.1096649169	59.0000000000
19320500	50.1135025024	59.0000000000
19344860	50.1088409423	59.0000000000
19369292	50.1119232177	59.0000000000
19393736	50.1123046875	59.0000000000
19418092	50.1097259521	59.0000000000
19442524	50.1122055053	59.0000000000
19466960	50.1123199462	59.0000000000
19491400	50.1095733642	59.0000000000
19515828	50.1093902587	59.0000000000
19540264	50.1107177734	59.0000000000
19564700	50.1106109619	59.0000000000
19589140	50.1112213134	59.0000000000
19613500	50.1101455688	59.0000000000
19637940	50.1118164062	59.0000000000
19662368	50.1085433959	59.0000000000
19686804	50.1104583740	59.0000000000
19711236	50.1119613647	59.0000000000
19735684	50.1098937988	59.0000000000
19760144	50.1086883544	59.0000000000
19784580	50.1146850585	59.0000000000
19809116	50.1128082275	59.0000000000
19833552	50.1094970703	59.0000000000
19857992	50.1111602783	59.0000000000
19882356	50.1143417358	59.0000000000
19906788	50.1111755371	59.0000000000
19931248	50.1109848022	59.0000000000
19955588	50.1129989624	59.0000000000
19980020	50.1099090576	59.0000000000
20004456	50.1126403808	59.0000000000
20028896	50.1111984252	59.0000000000
20053252	50.1095886230	59.0000000000
20077688	50.1097335815	59.0000000000
20102020	50.1128005981	59.0000000000
20126452	50.1103591918	59.0000000000
20150892	50.1101455688	59.0000000000
20175328	50.1099777221	59.0000000000
20199756	50.1127929687	59.0000000000
20224200	50.1109313964	59.0000000000
20248632	50.1112060546	59.0000000000
20273092	50.1106338500	59.0000000000
20297532	50.1127624511	59.0000000000
20321972	50.1095657348	59.0000000000
20346332	50.1111373901	59.0000000000
20370764	50.1128692626	59.0000000000
20395208	50.1118240356	59.0000000000
20419640	50.1100463867	59.0000000000
20443996	50.1105422973	59.0000000000
20468432	50.1082382202	59.0000000000
20492872	50.1125183105	59.0000000000
20517308	50.1133041381	59.0000000000
20541736	50.1109771728	59.0000000000
20566168	50.1100692749	59.0000000000
20590612	50.1118774414	59.0000000000
20615072	50.1096496582	59.0000000000
20639516	50.1140518188	59.0000000000
20663944	50.1103668212	59.0000000000
20688384	50.1128540039	59.0000000000
20712820	50.1090774536	59.0000000000
20737176	50.1116867065	59.0000000000
20761620	50.1118774414	59.0000000000
20786052	50.1067123413	59.0000000000
20810588	50.1098098754	59.0000000000
20835024	50.1117324829	59.0000000000
20859464	50.1121139526	59.0000000000
20883828	50.1100845336	59.0000000000
20908264	50.1128311157	59.0000000000
20932700	50.1148910522	59.0000000000
20957128	50.1087112426	59.0000000000
20981560	50.1117019653	59.0000000000
21006004	50.1102905273	59.0000000000
21030364	50.1098709106	59.0000000000
21054796	50.1128692626	59.0000000000
21079240	50.1083145141	59.0000000000
21103672	50.1129913330	59.0000000000
21128100	50.1110382080	59.0000000000
21152540	50.1133728027	59.0000000000
21176968	50.1129074096	59.0000000000
21201408	50.1140899658	59.0000000000
21225844	50.1082305908	59.0000000000
21250276	50.1078414916	59.0000000000
21274712	50.1117706298	59.0000000000
21299144	50.1105194091	59.0000000000
21323580	50.1136932373	59.0000000000
21348020	50.1139678955	59.0000000000
21372380	50.1128082275	59.0000000000
21396812	50.1110000610	59.0000000000
21421256	50.1092605590	59.0000000000
21445680	50.1097946166	59.0000000000
21470116	50.1113891601	59.0000000000
21494556	50.1122360229	59.0000000000
21518984	50.1118774414	59.0000000000
21543424	50.1107025146	59.0000000000
21567860	50.1127395629	59.0000000000
21592216	50.1105346679	59.0000000000
21616660	50.1125411987	59.0000000000
21641092	50.1130371093	59.0000000000
21665628	50.1121673583	59.0000000000
21690064	50.1127777099	59.0000000000
21714504	50.1123809814	59.0000000000
21738932	50.1143417358	59.0000000000
21763368	50.1093902587	59.0000000000
21787800	50.1145401000	59.0000000000
21812132	50.1102752685	59.0000000000
21836572	50.1122436523	59.0000000000
21860928	50.1071319580	59.0000000000
21885364	50.1100921630	59.0000000000
21909800	50.1109466552	59.0000000000
21934232	50.1108856201	59.0000000000
21958676	50.1095962524	59.0000000000
21983112	50.1116027832	59.0000000000
22007644	50.1124191284	59.0000000000
22032080	50.1134033203	59.0000000000
22056520	50.1111221313	59.0000000000
22080992	50.1118927001	59.0000000000
22105348	50.1113128662	59.0000000000
22129784	50.1125488281	59.0000000000
22154224	50.1096038818	59.0000000000
22178652	50.1081161499	59.0000000000
22203088	50.1079406738	59.0000000000
22227528	50.1106872558	59.0000000000
22251892	50.1104660034	59.0000000000
22276324	50.1115875244	59.0000000000
22300760	50.1065521240	59.0000000000
22325192	50.1107254028	59.0000000000
22349628	50.1110076904	59.0000000000
22374068	50.1108245849	59.0000000000
22398428	50.1119155883	59.0000000000
22422860	50.1091003417	59.0000000000
22447304	50.1133728027	59.0000000000
22471736	50.1124343872	59.0000000000
22496092	50.1138000488	59.0000000000
22520528	50.1100311279	59.0000000000
22544968	50.1094970703	59.0000000000
22569396	50.1115798950	59.0000000000
22593832	50.1121673583	59.0000000000
22618268	50.1087493896	59.0000000000
22642708	50.1139526367	59.0000000000
22667156	50.1112518310	59.0000000000
22691504	50.1096954345	59.0000000000
22715948	50.1133728027	59.0000000000
22740400	50.1141662597	59.0000000000
22764744	50.1122207641	59.0000000000
22789176	50.1105575561	59.0000000000
22813604	50.1111679077	59.0000000000
22838044	50.1123275756	59.0000000000
22862576	50.1108703613	59.0000000000
22887016	50.1125793457	59.0000000000
22911456	50.1138153076	59.0000000000
22935812	50.1121215820	59.0000000000
22960248	50.1120681762	59.0000000000
22984684	50.1087722778	59.0000000000
23009120	50.1107330322	59.0000000000
23033552	50.1110000610	59.0000000000
23057984	50.1119842529	59.0000000000
23082420	50.1086578369	59.0000000000
23106860	50.1126937866	59.0000000000
23131292	50.1141815185	59.0000000000
23155740	50.1146621704	59.0000000000
23180168	50.1112899780	59.0000000000
23204704	50.1088333129	59.0000000000
23229136	50.1101226806	59.0000000000
23253576	50.1121978759	59.0000000000
23277940	50.1126098632	59.0000000000
23302372	50.1116485595	59.0000000000
23326812	50.1104049682	59.0000000000
23351240	50.1118774414	59.0000000000
23375672	50.1105194091	59.0000000000
23400116	50.1109008789	59.0000000000
23424544	50.1112747192	59.0000000000
23448980	50.1096649169	59.0000000000
23473412	50.1093444824	59.0000000000
23497848	50.1108551025	59.0000000000
23522288	50.1107559204	59.0000000000
23546824	50.1094512939	59.0000000000
23571260	50.1133422851	59.0000000000
23595700	50.1146087646	59.0000000000
23620128	50.1098403930	59.0000000000
23644456	50.1118850708	59.0000000000
23668892	50.1114044189	59.0000000000
23693332	50.1078948974	59.0000000000
23717768	50.1117248535	59.0000000000
23742304	50.1080551147	59.0000000000
23766736	50.1091842651	59.0000000000
23791180	50.1089401245	59.0000000000
23815648	50.1114654541	59.0000000000
23840112	50.1126174926	59.0000000000
23864560	50.1113739013	59.0000000000
23889012	50.1088867187	59.0000000000
23913456	50.1094512939	59.0000000000
23937884	50.1133422851	59.0000000000
23962320	50.1103897094	59.0000000000
23986760	50.1128540039	59.0000000000
24011124	50.1110687255	59.0000000000
24035556	50.1093902587	59.0000000000
24059992	50.1114349365	59.0000000000
24084424	50.1117401123	59.0000000000
24108860	50.1101531982	59.0000000000
24133300	50.1112289428	59.0000000000
24157728	50.1140289306	59.0000000000
24182164	50.1081008911	59.0000000000
24206596	50.1090011596	59.0000000000
24231032	50.1115646362	59.0000000000
24255472	50.1090621948	59.0000000000
24280008	50.1096572875	59.0000000000
24304444	50.1095581054	59.0000000000
24328884	50.1094207763	59.0000000000
24353312	50.1128463745	59.0000000000
24377748	50.1138076782	59.0000000000
24402180	50.1117935180	59.0000000000
24426616	50.1126861572	59.0000000000
24451056	50.1112213134	59.0000000000
24475416	50.1118545532	59.0000000000
24499956	50.1121368408	59.0000000000
24524400	50.1107559204	59.0000000000
24548756	50.1109466552	59.0000000000
24573188	50.1094131469	59.0000000000
24597624	50.1103820800	59.0000000000
24621956	50.1095733642	59.0000000000
24646388	50.1127014160	59.0000000000
24670824	50.1100311279	59.0000000000
24695264	50.1106185913	59.0000000000
24719692	50.1126098632	59.0000000000
24744024	50.1107177734	59.0000000000
24768456	50.1100158691	59.0000000000
24792892	50.1110382080	59.0000000000
24817332	50.1125946044	59.0000000000
24841760	50.1137390136	59.0000000000
24866196	50.1145782470	59.0000000000
24890628	50.1075057983	59.0000000000
24915064	50.1097183227	59.0000000000
24939500	50.1114807128	59.0000000000
24963932	50.1145172119	59.0000000000
24988368	50.1133575439	59.0000000000
25012808	50.1076431274	59.0000000000
25037236	50.1131744384	59.0000000000
25061672	50.1132354736	59.0000000000
25086108	50.1128768920	59.0000000000
25110548	50.1096878051	59.0000000000
25134980	50.1109542846	59.0000000000
25159520	50.1116027832	59.0000000000
25183952	50.1101837158	59.0000000000
25208416	50.1123428344	59.0000000000
25232864	50.1106567382	59.0000000000
25257292	50.1131591796	59.0000000000
25281736	50.1140975952	59.0000000000
25306168	50.1086196899	59.0000000000
25330524	50.1066284179	59.0000000000
25354960	50.1132659912	59.0000000000
25379400	50.1127471923	59.0000000000
25403872	50.1113128662	59.0000000000
25428340	50.1129837036	59.0000000000
25452772	50.1103286743	59.0000000000
25477208	50.1082077026	59.0000000000
25501640	50.1100311279	59.0000000000
25526076	50.1123504638	59.0000000000
25550516	50.1114959716	59.0000000000
25574876	50.1120071411	59.0000000000
25599308	50.1113433837	59.0000000000
25623752	50.1108703613	59.0000000000
25648108	50.1146087646	59.0000000000
25672544	50.1118316650	59.0000000000
25696976	50.1118621826	59.0000000000
25721416	50.1114501953	59.0000000000
25745844	50.1137084960	59.0000000000
25770284	50.1164016723	59.0000000000
25794712	50.1117706298	59.0000000000
25819156	50.1104278564	59.0000000000
25843588	50.1116561889	59.0000000000
25868124	50.1100387573	59.0000000000
25892560	50.1133041381	59.0000000000
25917004	50.1129074096	59.0000000000
25941472	50.1098709106	59.0000000000
25965900	50.1137237548	59.0000000000
25990344	50.1123886108	59.0000000000
26014776	50.1117401123	59.0000000000
26039236	50.1103744506	59.0000000000
26063676	50.1109466552	59.0000000000
26088116	50.1117324829	59.0000000000
26112556	50.1092834472	59.0000000000
26136980	50.1092224121	59.0000000000
26161412	50.1094970703	59.0000000000
26185748	50.1122131347	59.0000000000
26210108	50.1058731079	59.0000000000
26234548	50.1111145019	59.0000000000
26258908	50.1107864379	59.0000000000
26283344	50.1090469360	59.0000000000
26307784	50.1139297485	59.0000000000
26332216	50.1106643676	59.0000000000
26356644	50.1121978759	59.0000000000
26381084	50.1099319458	59.0000000000
26405440	50.1121826171	59.0000000000
26429880	50.1123352050	59.0000000000
26454316	50.1103897094	59.0000000000
26478744	50.1083526611	59.0000000000
26503188	50.1119003295	59.0000000000
26527624	50.1120910644	59.0000000000
26552160	50.1124191284	59.0000000000
26576592	50.1127548217	59.0000000000
26601032	50.1081924438	59.0000000000
26625396	50.1115264892	59.0000000000
26649832	50.1109237670	59.0000000000
26674268	50.1113128662	59.0000000000
26698628	50.1115875244	59.0000000000
26723164	50.1110153198	59.0000000000
26747600	50.1099700927	59.0000000000
26772040	50.1110153198	59.0000000000
26796468	50.1129913330	59.0000000000
26820908	50.1125259399	59.0000000000
26845340	50.1093597412	59.0000000000
26869780	50.1119232177	59.0000000000
26894240	50.1091842651	59.0000000000
26918576	50.1121215820	59.0000000000
26943012	50.1092758178	59.0000000000
26967444	50.1093292236	59.0000000000
26991876	50.1098327636	59.0000000000
27016312	50.1092529296	59.0000000000
27040752	50.1129760742	59.0000000000
27065180	50.1138839721	59.0000000000
27089616	50.1092834472	59.0000000000
27114056	50.1097717285	59.0000000000
27138484	50.1114196777	59.0000000000
27162920	50.1135864257	59.0000000000
27187356	50.1127471923	59.0000000000
27211796	50.1096038818	59.0000000000
27236228	50.1106185913	59.0000000000
27260660	50.1132125854	59.0000000000
27285096	50.1119384765	59.0000000000
27309536	50.1080322265	59.0000000000
27333892	50.1086654663	59.0000000000
27358328	50.1094665527	59.0000000000
27382768	50.1103134155	59.0000000000
27407304	50.1107482910	59.0000000000
27431736	50.1104125976	59.0000000000
27456180	50.1085815429	59.0000000000
27480540	50.1110916137	59.0000000000
27504972	50.1101837158	59.0000000000
27529416	50.1120910644	59.0000000000
27553852	50.1125411987	59.0000000000
27578308	50.1132812500	59.0000000000
27602748	50.1115951538	59.0000000000
27627188	50.1097259521	59.0000000000
27651616	50.1117477416	59.0000000000
27676052	50.1098480224	59.0000000000
27700484	50.1099090576	59.0000000000
27724916	50.1120147705	59.0000000000
27749360	50.1085433959	59.0000000000
27773720	50.1101684570	59.0000000000
27798152	50.1110153198	59.0000000000
27822592	50.1107101440	59.0000000000
27847028	50.1110992431	59.0000000000
27871460	50.1139984130	59.0000000000
27895896	50.1117095947	59.0000000000
27920328	50.1124038696	59.0000000000
27944764	50.1130676269	59.0000000000
27969204	50.1126327514	59.0000000000
27993564	50.1125793457	59.0000000000
28018000	50.1106643676	59.0000000000
28042440	50.1121749877	59.0000000000
28066872	50.1128540039	59.0000000000
28091228	50.1125030517	59.0000000000
28115664	50.1132125854	59.0000000000
28140104	50.1107864379	59.0000000000
28164468	50.1116943359	59.0000000000
28188824	50.1127853393	59.0000000000
28213268	50.1112823486	59.0000000000
28237704	50.1101760864	59.0000000000
28262236	50.1119766235	59.0000000000
28286700	50.1070404052	59.0000000000
28311220	50.1087341308	59.0000000000
28335580	50.1108551025	59.0000000000
28359936	50.1102523803	59.0000000000
28384376	50.1158370971	59.0000000000
28408812	50.1109771728	59.0000000000
28433244	50.1123199462	59.0000000000
28457680	50.1103668212	59.0000000000
28482124	50.1159439086	59.0000000000
28506592	50.1129150390	59.0000000000
28530944	50.1128311157	59.0000000000
28555400	50.1093215942	59.0000000000
28579824	50.1121368408	59.0000000000
28604360	50.1109848022	59.0000000000
28628796	50.1147918701	59.0000000000
28653236	50.1150207519	59.0000000000
28677596	50.1108779907	59.0000000000
28702052	50.1115188598	59.0000000000
28726500	50.1111755371	59.0000000000
28750960	50.1135864257	59.0000000000
28775408	50.1116180419	59.0000000000
28799836	50.1098480224	59.0000000000
28824272	50.1098785400	59.0000000000
28848712	50.1098480224	59.0000000000
28873140	50.1090469360	59.0000000000
28897576	50.1084136962	59.0000000000
28922008	50.1116104125	59.0000000000
28946452	50.1113891601	59.0000000000
28970884	50.1115570068	59.0000000000
28995420	50.1101608276	59.0000000000
29019856	50.1104965209	59.0000000000
29044296	50.1122512817	59.0000000000
29068768	50.1106185913	59.0000000000
29093300	50.1100387573	59.0000000000
29117740	50.1112289428	59.0000000000
29142172	50.1160278320	59.0000000000
29166612	50.1147308349	59.0000000000
29191044	50.1083450317	59.0000000000
29215580	50.1095581054	59.0000000000
29240016	50.1137466430	59.0000000000
29264460	50.1103439331	59.0000000000
29288928	50.1132354736	59.0000000000
29313284	50.1128768920	59.0000000000
29337716	50.1139221191	59.0000000000
29362160	50.1081771850	59.0000000000
29386696	50.1097030639	59.0000000000
29411132	50.1089935302	59.0000000000
29435572	50.1131362915	59.0000000000
29459932	50.1111221313	59.0000000000
29484292	50.1088409423	59.0000000000
29508728	50.1114807128	59.0000000000
29533168	50.1099548339	59.0000000000
29557612	50.1096496582	59.0000000000
29582060	50.1126174926	59.0000000000
29606504	50.1092300415	59.0000000000
29630944	50.1086578369	59.0000000000
29655300	50.1094284057	59.0000000000
29679736	50.1068267822	59.0000000000
29704068	50.1106719970	59.0000000000
29728428	50.1091918945	59.0000000000
29752864	50.1081619262	59.0000000000
29777300	50.1111679077	59.0000000000
29801732	50.1105041503	59.0000000000
29826168	50.1098480224	59.0000000000
29850604	50.1106948852	59.0000000000
29875040	50.1102752685	59.0000000000
29899472	50.1112442016	59.0000000000
29923936	50.1101760864	59.0000000000
29948384	50.1111755371	59.0000000000
29972852	50.1119308471	59.0000000000
29997284	50.1139602661	59.0000000000
30021724	50.1122665405	59.0000000000
30046152	50.1106491088	59.0000000000
30070588	50.1108856201	59.0000000000
30095028	50.1090469360	59.0000000000
30119456	50.1131286621	59.0000000000
30143892	50.1082229614	59.0000000000
30168324	50.1144714355	59.0000000000
30192764	50.1089859008	59.0000000000
30217196	50.1092224121	59.0000000000
30241628	50.1107482910	59.0000000000
30266064	50.1131591796	59.0000000000
30290504	50.1121520996	59.0000000000
30314972	50.1131057739	59.0000000000
30339404	50.1103210449	59.0000000000
30363848	50.1104812622	59.0000000000
30388204	50.1117172241	59.0000000000
30412652	50.1085433959	59.0000000000
30437000	50.1099700927	59.0000000000
30461332	50.1099700927	59.0000000000
30485764	50.1128845214	59.0000000000
30510200	50.1120452880	59.0000000000
30534640	50.1089401245	59.0000000000
30559000	50.1110763549	59.0000000000
30583432	50.1096267700	59.0000000000
30607868	50.1112670898	59.0000000000
30632308	50.1116638183	59.0000000000
30656664	50.1104354858	59.0000000000
30680996	50.1092834472	59.0000000000
30705432	50.1099929809	59.0000000000
30729864	50.1096038818	59.0000000000
30754304	50.1119613647	59.0000000000
30778740	50.1103591918	59.0000000000
30803172	50.1110839843	59.0000000000
30827608	50.1114654541	59.0000000000
30852052	50.1096038818	59.0000000000
30876580	50.1093139648	59.0000000000
30901020	50.1120986938	59.0000000000
30925384	50.1134262084	59.0000000000
30949812	50.1108703613	59.0000000000
30974248	50.1108779907	59.0000000000
30998684	50.1124420166	59.0000000000
31023124	50.1086578369	59.0000000000
31047476	50.1102447509	59.0000000000
31071924	50.1093826293	59.0000000000
31096284	50.1118850708	59.0000000000
31120644	50.1103210449	59.0000000000
31145080	50.1124038696	59.0000000000
31169516	50.1082382202	59.0000000000
31193880	50.1112976074	59.0000000000
31218312	50.1093597412	59.0000000000
31242752	50.1106338500	59.0000000000
31267188	50.1085968017	59.0000000000
31291620	50.1125259399	59.0000000000
31316084	50.1082611083	59.0000000000
31340528	50.1115417480	59.0000000000
31364956	50.1098632812	59.0000000000
31389392	50.1103134155	59.0000000000
31413856	50.1145324707	59.0000000000
31438304	50.1109161376	59.0000000000
31462836	50.1123352050	59.0000000000
31487272	50.1108245849	59.0000000000
31511708	50.1087570190	59.0000000000
31536148	50.1131591796	59.0000000000
31560608	50.1108551025	59.0000000000
31585052	50.1100311279	59.0000000000
31609480	50.1112747192	59.0000000000
31633920	50.1096725463	59.0000000000
31658356	50.1139221191	59.0000000000
31682820	50.1122131347	59.0000000000
31707256	50.1125183105	59.0000000000
31731696	50.1122131347	59.0000000000
31756164	50.1119689941	59.0000000000
31780596	50.1101455688	59.0000000000
31805032	50.1116638183	59.0000000000
31829472	50.1108245849	59.0000000000
31853828	50.1116943359	59.0000000000
31878264	50.1109848022	59.0000000000
31902704	50.1074752807	59.0000000000
31927240	50.1109924316	59.0000000000
31951672	50.1110687255	59.0000000000
31976116	50.1095657348	59.0000000000
32000476	50.1099395751	59.0000000000
32024908	50.1094894409	59.0000000000
32049240	50.1119155883	59.0000000000
32073672	50.1108245849	59.0000000000
32098108	50.1108093261	59.0000000000
32122548	50.1151580810	59.0000000000
32146908	50.1102142333	59.0000000000
32171340	50.1120834350	59.0000000000
32195784	50.1089706420	59.0000000000
32220208	50.1084518432	59.0000000000
32244540	50.1115493774	59.0000000000
32268980	50.1113357543	59.0000000000
32293340	50.1105499267	59.0000000000
32317696	50.1127014160	59.0000000000
32342132	50.1095886230	59.0000000000
32366572	50.1134567260	59.0000000000
32391004	50.1111450195	59.0000000000
32415440	50.1138916015	59.0000000000
32439904	50.1101074218	59.0000000000
32464352	50.1142044067	59.0000000000
32488708	50.1104583740	59.0000000000
32513144	50.1114654541	59.0000000000
32537584	50.1116409301	59.0000000000
32561944	50.1096038818	59.0000000000
32586376	50.1100921630	59.0000000000
32610816	50.1098937988	59.0000000000
32635252	50.1120910644	59.0000000000
32659608	50.1108169555	59.0000000000
32684052	50.1108245849	59.0000000000
32708512	50.1074218750	59.0000000000
32732848	50.1137695312	59.0000000000
32757212	50.1092224121	59.0000000000
32781572	50.1096115112	59.0000000000
32806008	50.1097564697	59.0000000000
32830448	50.1122894287	59.0000000000
32854876	50.1114120483	59.0000000000
32879312	50.1123809814	59.0000000000
32903752	50.1122283935	59.0000000000
32928180	50.1101150512	59.0000000000
32952616	50.1111450195	59.0000000000
32977052	50.1087646484	59.0000000000
33001492	50.1095428466	59.0000000000
33025928	50.1080474853	59.0000000000
33050352	50.1129150390	59.0000000000
33074792	50.1108398437	59.0000000000
33099232	50.1142196655	59.0000000000
33123584	50.1094589233	59.0000000000
33148024	50.1073760986	59.0000000000
33172464	50.1112823486	59.0000000000
33196824	50.1106033325	59.0000000000
33221364	50.1134262084	59.0000000000
33245800	50.1107635498	59.0000000000
33270240	50.1100692749	59.0000000000
33294596	50.1097717285	59.0000000000
33319028	50.1070404052	59.0000000000
33343364	50.1129608154	59.0000000000
33367796	50.1115341186	59.0000000000
33392232	50.1097793579	59.0000000000
33416672	50.1103210449	59.0000000000
33441028	50.1129150390	59.0000000000
33465464	50.1074371337	59.0000000000
33489900	50.1116867065	59.0000000000
33514332	50.1119003295	59.0000000000
33538768	50.1113815307	59.0000000000
33563212	50.1083755493	59.0000000000
33587680	50.1092071533	59.0000000000
33612036	50.1096191406	59.0000000000
33636472	50.1097564697	59.0000000000
33660912	50.1093444824	59.0000000000
33685272	50.1128387451	59.0000000000
33709812	50.1123886108	59.0000000000
33734256	50.1087875366	59.0000000000
33758612	50.1106414794	59.0000000000
33783044	50.1082763671	59.0000000000
33807480	50.1121597290	59.0000000000
33831916	50.1118011474	59.0000000000
33856348	50.1104354858	59.0000000000
33880784	50.1094055175	59.0000000000
33905224	50.1117401123	59.0000000000
33929660	50.1136627197	59.0000000000
33954012	50.1125869750	59.0000000000
33978348	50.1122283935	59.0000000000
34002888	50.1105194091	59.0000000000
34027324	50.1098403930	59.0000000000
34051764	50.1116638183	59.0000000000
34076124	50.1102294921	59.0000000000
34100556	50.1129608154	59.0000000000
34125000	50.1127548217	59.0000000000
34149356	50.1084518432	59.0000000000
34173788	50.1094284057	59.0000000000
34198224	50.1087646484	59.0000000000
34222664	50.1116104125	59.0000000000
34247024	50.1133270263	59.0000000000
34271464	50.1114196777	59.0000000000
34295896	50.1122589111	59.0000000000
34320328	50.1097946166	59.0000000000
34344760	50.1121978759	59.0000000000
34369204	50.1091079711	59.0000000000
34393564	50.1133728027	59.0000000000
34417996	50.1114501953	59.0000000000
34442440	50.1112060546	59.0000000000
34466796	50.1115188598	59.0000000000
34491228	50.1082534790	59.0000000000
34515664	50.1123657226	59.0000000000
34540104	50.1130676269	59.0000000000
34564532	50.1113586425	59.0000000000
34588968	50.1109771728	59.0000000000
34613400	50.1114807128	59.0000000000
34637844	50.1091461181	59.0000000000
34662276	50.1117782592	59.0000000000
34686812	50.1142501831	59.0000000000
34711248	50.1113433837	59.0000000000
34735688	50.1100311279	59.0000000000
34760052	50.1064224243	59.0000000000
34784484	50.1104736328	59.0000000000
34808920	50.1077804565	59.0000000000
34833352	50.1080322265	59.0000000000
34857788	50.1126251220	59.0000000000
34882228	50.1100921630	59.0000000000
34906656	50.1080474853	59.0000000000
34931092	50.1073303222	59.0000000000
34955524	50.1116485595	59.0000000000
34979960	50.1112670898	59.0000000000
35004396	50.1080780029	59.0000000000
35028900	50.1103439331	59.0000000000
35053340	50.1088562011	59.0000000000
35077876	50.1112747192	59.0000000000
35102312	50.1154861450	59.0000000000
35126752	50.1107864379	59.0000000000
35151108	50.1118011474	59.0000000000
35175544	50.1101913452	59.0000000000
35199984	50.1110458374	59.0000000000
35224520	50.1151046752	59.0000000000
35248956	50.1126174926	59.0000000000
35273396	50.1124267578	59.0000000000
35297756	50.1106185913	59.0000000000
35322112	50.1132049560	59.0000000000
35346552	50.1118927001	59.0000000000
35370992	50.1126861572	59.0000000000
35395460	50.1117401123	59.0000000000
35419996	50.1123123168	59.0000000000
35444436	50.1085433959	59.0000000000
35468872	50.1079330444	59.0000000000
35493300	50.1140747070	59.0000000000
35517740	50.1096191406	59.0000000000
35542172	50.1135940551	59.0000000000
35566612	50.1129837036	59.0000000000
35591044	50.1125946044	59.0000000000
35615472	50.1097946166	59.0000000000
35639912	50.1113662719	59.0000000000
35664356	50.1102447509	59.0000000000
35688820	50.1110382080	59.0000000000
35713252	50.1097488403	59.0000000000
35737688	50.1107940673	59.0000000000
35762120	50.1117935180	59.0000000000
35786556	50.1085586547	59.0000000000
35810996	50.1118850708	59.0000000000
35835356	50.1109771728	59.0000000000
35859788	50.1159515380	59.0000000000
35884232	50.1119918823	59.0000000000
35908588	50.1135101318	59.0000000000
35932952	50.1071319580	59.0000000000
35957492	50.1123123168	59.0000000000
35981928	50.1111907958	59.0000000000
36006368	50.1118011474	59.0000000000
36030724	50.1108322143	59.0000000000
36055160	50.1097793579	59.0000000000
36079600	50.1104278564	59.0000000000
36104028	50.1076583862	59.0000000000
36128464	50.1098098754	59.0000000000
36152796	50.1111145019	59.0000000000
36177152	50.1125106811	59.0000000000
36201592	50.1085433959	59.0000000000
36226032	50.1100921630	59.0000000000
36250460	50.1141815185	59.0000000000
36274896	50.1122283935	59.0000000000
36299336	50.1171798706	59.0000000000
36323764	50.1127777099	59.0000000000
36348200	50.1121292114	59.0000000000
36372636	50.1088180541	59.0000000000
36397076	50.1101684570	59.0000000000
36421512	50.1112365722	59.0000000000
36446048	50.1125030517	59.0000000000
36470508	50.1094970703	59.0000000000
36494848	50.1113433837	59.0000000000
36519288	50.1104431152	59.0000000000
36543716	50.1123123168	59.0000000000
36568152	50.1103210449	59.0000000000
36592584	50.1108551025	59.0000000000
36617020	50.1169586181	59.0000000000
36641460	50.1091003417	59.0000000000
36665888	50.1102828979	59.0000000000
36690324	50.1085357666	59.0000000000
36714756	50.1108703613	59.0000000000
36739192	50.1084289550	59.0000000000
36763632	50.1099395751	59.0000000000
36787992	50.1089477539	59.0000000000
36812528	50.1121139526	59.0000000000
36836968	50.1123123168	59.0000000000
36861332	50.1085510253	59.0000000000
36885764	50.1099624633	59.0000000000
36910200	50.1134185791	59.0000000000
36934640	50.1100006103	59.0000000000
36959148	50.1129455566	59.0000000000
36983580	50.1078338623	59.0000000000
37008008	50.1100006103	59.0000000000
37032448	50.1089706420	59.0000000000
37056884	50.1080245971	59.0000000000
37081316	50.1128768920	59.0000000000
37105752	50.1079101562	59.0000000000
37130184	50.1103210449	59.0000000000
37154620	50.1115188598	59.0000000000
37179060	50.1103897094	59.0000000000
37203488	50.1118240356	59.0000000000
37227924	50.1114807128	59.0000000000
37252356	50.1073837280	59.0000000000
37276792	50.1121673583	59.0000000000
37301232	50.1101531982	59.0000000000
37325660	50.1112976074	59.0000000000
37350096	50.1134796142	59.0000000000
37374536	50.1132812500	59.0000000000
37398964	50.1111755371	59.0000000000
37423428	50.1125869750	59.0000000000
37447880	50.1080780029	59.0000000000
37472304	50.1099777221	59.0000000000
37496740	50.1119079589	59.0000000000
37521180	50.1070861816	59.0000000000
37545716	50.1114807128	59.0000000000
37570160	50.1103515625	59.0000000000
37594592	50.1107635498	59.0000000000
37619020	50.1103820800	59.0000000000
37643464	50.1126327514	59.0000000000
37667896	50.1110153198	59.0000000000
37692252	50.1094894409	59.0000000000
37716688	50.1063308715	59.0000000000
37741128	50.1109390258	59.0000000000
37765556	50.1102218627	59.0000000000
37789992	50.1099929809	59.0000000000
37814424	50.1089019775	59.0000000000
37838868	50.1121063232	59.0000000000
37863316	50.1121978759	59.0000000000
37887664	50.1126937866	59.0000000000
37912028	50.1106033325	59.0000000000
37936384	50.1081771850	59.0000000000
37960824	50.1086883544	59.0000000000
37985264	50.1130142211	59.0000000000
38009624	50.1088256835	59.0000000000
38034164	50.1114807128	59.0000000000
38058604	50.1119079589	59.0000000000
38083044	50.1110916137	59.0000000000
38107392	50.1122665405	59.0000000000
38131732	50.1121292114	59.0000000000
38156092	50.1111984252	59.0000000000
38180532	50.1105804443	59.0000000000
38204892	50.1077423095	59.0000000000
38229248	50.1125793457	59.0000000000
38253688	50.1110305786	59.0000000000
38278128	50.1123352050	59.0000000000
38302488	50.1164703369	59.0000000000
38326920	50.1086807250	59.0000000000
38351360	50.1136169433	59.0000000000
38375800	50.1100311279	59.0000000000
38400260	50.1108245849	59.0000000000
38424696	50.1111755371	59.0000000000
38449156	50.1094970703	59.0000000000
38473496	50.1127166748	59.0000000000
38498036	50.1123657226	59.0000000000
38522472	50.1091766357	59.0000000000
38546912	50.1101837158	59.0000000000
38571268	50.1114273071	59.0000000000
38595704	50.1137924194	59.0000000000
38620144	50.1090011596	59.0000000000
38644572	50.1128845214	59.0000000000
38669008	50.1138839721	59.0000000000
38693448	50.1108245849	59.0000000000
38717812	50.1109008789	59.0000000000
38742244	50.1098785400	59.0000000000
38766572	50.1102600097	59.0000000000
38791004	50.1106338500	59.0000000000
38815440	50.1130981445	59.0000000000
38839904	50.1114349365	59.0000000000
38864352	50.1084060668	59.0000000000
38888780	50.1109695434	59.0000000000
38913224	50.1097259521	59.0000000000
38937656	50.1108703613	59.0000000000
38962096	50.1114959716	59.0000000000
38986444	50.1118621826	59.0000000000
39010888	50.1127166748	59.0000000000
39035360	50.1105804443	59.0000000000
39059712	50.1081390380	59.0000000000
39084052	50.1100387573	59.0000000000
39108488	50.1128082275	59.0000000000
39132916	50.1116256713	59.0000000000
39157352	50.1108551025	59.0000000000
39181792	50.1088485717	59.0000000000
39206148	50.1100311279	59.0000000000
39230584	50.1105194091	59.0000000000
39255024	50.1083679199	59.0000000000
39279384	50.1109848022	59.0000000000
39303816	50.1091384887	59.0000000000
39328256	50.1114120483	59.0000000000
39352692	50.1123504638	59.0000000000
39377124	50.1120986938	59.0000000000
39401560	50.1105041503	59.0000000000
39425992	50.1102828979	59.0000000000
39450428	50.1137237548	59.0000000000
39474868	50.1111221313	59.0000000000
39499228	50.1117095947	59.0000000000
39523660	50.1122512817	59.0000000000
39548104	50.1136245727	59.0000000000
39572460	50.1112213134	59.0000000000
39596932	50.1105728149	59.0000000000
39621364	50.1073760986	59.0000000000
39645800	50.1114425659	59.0000000000
39670240	50.1105422973	59.0000000000
39694668	50.1128692626	59.0000000000
39719112	50.1102676391	59.0000000000
39743544	50.1070785522	59.0000000000
39767900	50.1113662719	59.0000000000
39792336	50.1108245849	59.0000000000
39816776	50.1115341186	59.0000000000
39841136	50.1095352172	59.0000000000
39865572	50.1057968139	59.0000000000
39890012	50.1132354736	59.0000000000
39914372	50.1111526489	59.0000000000
39938908	50.1083679199	59.0000000000
39963344	50.1136932373	59.0000000000
39987808	50.1145477294	59.0000000000
40012256	50.1114730834	59.0000000000
40036684	50.1105728149	59.0000000000
40061128	50.1082763671	59.0000000000
40085560	50.1130218505	59.0000000000
40109916	50.1156387329	59.0000000000
40134352	50.1118164062	59.0000000000
40158816	50.1091308593	59.0000000000
40183264	50.1130065917	59.0000000000
40207620	50.1127471923	59.0000000000
40232056	50.1122055053	59.0000000000
40256496	50.1106872558	59.0000000000
40280856	50.1095275878	59.0000000000
40305396	50.1102905273	59.0000000000
40329832	50.1085052490	59.0000000000
40354272	50.1085357666	59.0000000000
40378700	50.1112670898	59.0000000000
40403144	50.1076965332	59.0000000000
40427576	50.1114730834	59.0000000000
40452004	50.1134948730	59.0000000000
40476440	50.1080322265	59.0000000000
40500872	50.1100845336	59.0000000000
40525312	50.1076889038	59.0000000000
40549748	50.1102294921	59.0000000000
40574180	50.1134109497	59.0000000000
40598616	50.1103744506	59.0000000000
40623048	50.1137466430	59.0000000000
40647484	50.1096038818	59.0000000000
40671924	50.1108703613	59.0000000000
40696284	50.1109771728	59.0000000000
40720716	50.1108551025	59.0000000000
40745160	50.1107177734	59.0000000000
40769592	50.1112823486	59.0000000000
40793948	50.1086120605	59.0000000000
40818384	50.1120147705	59.0000000000
40842824	50.1091003417	59.0000000000
40867252	50.1138534545	59.0000000000
40891688	50.1099853515	59.0000000000
40916124	50.1081848144	59.0000000000
40940568	50.1105194091	59.0000000000
40964916	50.1096954345	59.0000000000
40989364	50.1082153320	59.0000000000
41013724	50.1137847900	59.0000000000
41038080	50.1123046875	59.0000000000
41062520	50.1109848022	59.0000000000
41086960	50.1114654541	59.0000000000
41111428	50.1083221435	59.0000000000
41135860	50.1107177734	59.0000000000
41160304	50.1146240234	59.0000000000
41184736	50.1110534667	59.0000000000
41209164	50.1115798950	59.0000000000
41233608	50.1121673583	59.0000000000
41258040	50.1114730834	59.0000000000
41282468	50.1132659912	59.0000000000
41306908	50.1117324829	59.0000000000
41331264	50.1106262207	59.0000000000
41355696	50.1108398437	59.0000000000
41380136	50.1115264892	59.0000000000
41404572	50.1105804443	59.0000000000
41429012	50.1093292236	59.0000000000
41453444	50.1113739013	59.0000000000
41477876	50.1108551025	59.0000000000
41502312	50.1115341186	59.0000000000
41526752	50.1122131347	59.0000000000
41551220	50.1102905273	59.0000000000
41575664	50.1094284057	59.0000000000
41600092	50.1136932373	59.0000000000
41624520	50.1143112182	59.0000000000
41648956	50.1111373901	59.0000000000
41673396	50.1084594726	59.0000000000
41697756	50.1095657348	59.0000000000
41722112	50.1109771728	59.0000000000
41746452	50.1095123291	59.0000000000
41770804	50.1112213134	59.0000000000
41795252	50.1097106933	59.0000000000
41819612	50.1108398437	59.0000000000
41844044	50.1121139526	59.0000000000
41868488	50.1120681762	59.0000000000
41892920	50.1089248657	59.0000000000
41917276	50.1087036132	59.0000000000
41941712	50.1101913452	59.0000000000
41966176	50.1114654541	59.0000000000
41990624	50.1069412231	59.0000000000
42015052	50.1125335693	59.0000000000
42039496	50.1112823486	59.0000000000
42063852	50.1121520996	59.0000000000
42088284	50.1105651855	59.0000000000
42112720	50.1100311279	59.0000000000
42137160	50.1102294921	59.0000000000
42161588	50.1142807006	59.0000000000
42186024	50.1107788085	59.0000000000
42210460	50.1133117675	59.0000000000
42234908	50.1128692626	59.0000000000
42259360	50.1143264770	59.0000000000
42283696	50.1074600219	59.0000000000
42308128	50.1088714599	59.0000000000
42332564	50.1131744384	59.0000000000
42356996	50.1096343994	59.0000000000
42381432	50.1129760742	59.0000000000
42405868	50.1124725341	59.0000000000
42430408	50.1132049560	59.0000000000
42454840	50.1100463867	59.0000000000
42479284	50.1129302978	59.0000000000
42503712	50.1119918823	59.0000000000
42528148	50.1104049682	59.0000000000
42552580	50.1095275878	59.0000000000
42577016	50.1078720092	59.0000000000
42601348	50.1118240356	59.0000000000
42625776	50.1110839843	59.0000000000
42650216	50.1112289428	59.0000000000
42674656	50.1113128662	59.0000000000
42699124	50.1134338378	59.0000000000
42723588	50.1091842651	59.0000000000
42748024	50.1129684448	59.0000000000
42772464	50.1085205078	59.0000000000
42796892	50.1123657226	59.0000000000
42821328	50.1136550903	59.0000000000
42845768	50.1121063232	59.0000000000
42870132	50.1083221435	59.0000000000
42894564	50.1124801635	59.0000000000
42919000	50.1122360229	59.0000000000
42943432	50.1132431030	59.0000000000
42967868	50.1095962524	59.0000000000
42992308	50.1100387573	59.0000000000
43016668	50.1117401123	59.0000000000
43041140	50.1116180419	59.0000000000
43065572	50.1109848022	59.0000000000
43090012	50.1124649047	59.0000000000
43114440	50.1096191406	59.0000000000
43138876	50.1104736328	59.0000000000
43163316	50.1089477539	59.0000000000
43187676	50.1137084960	59.0000000000
43212032	50.1113586425	59.0000000000
43236472	50.1082382202	59.0000000000
43260912	50.1114654541	59.0000000000
43285356	50.1096267700	59.0000000000
43309804	50.1086502075	59.0000000000
43334144	50.1102218627	59.0000000000
43358580	50.1108016967	59.0000000000
43382936	50.1104965209	59.0000000000
43407380	50.1074523925	59.0000000000
43431812	50.1098785400	59.0000000000
43456244	50.1119079589	59.0000000000
43480680	50.1109008789	59.0000000000
43505120	50.1123046875	59.0000000000
43529588	50.1118698120	59.0000000000
43554020	50.1116256713	59.0000000000
43578484	50.1088256835	59.0000000000
43602928	50.1135330200	59.0000000000
43627356	50.1107788085	59.0000000000
43651792	50.1126403808	59.0000000000
43676232	50.1095733642	59.0000000000
43700660	50.1106338500	59.0000000000
43725096	50.1086502075	59.0000000000
43749528	50.1101684570	59.0000000000
43773972	50.1110687255	59.0000000000
43798404	50.1117630004	59.0000000000
43822836	50.1121292114	59.0000000000
43847192	50.1124267578	59.0000000000
43871636	50.1097106933	59.0000000000
43896068	50.1070404052	59.0000000000
43920404	50.1093597412	59.0000000000
43944836	50.1117095947	59.0000000000
43969268	50.1110382080	59.0000000000
43993704	50.1115036010	59.0000000000
44018144	50.1114044189	59.0000000000
44042572	50.1128768920	59.0000000000
44067016	50.1115417480	59.0000000000
44091448	50.1117858886	59.0000000000
44115892	50.1108703613	59.0000000000
44140332	50.1125259399	59.0000000000
44164788	50.1096420288	59.0000000000
44189216	50.1109695434	59.0000000000
44213652	50.1118850708	59.0000000000
44238084	50.1124038696	59.0000000000
44262520	50.1101684570	59.0000000000
44286960	50.1107101440	59.0000000000
44311388	50.1116714477	59.0000000000
44335824	50.1116333007	59.0000000000
44360264	50.1140975952	59.0000000000
44384692	50.1136322021	59.0000000000
44409132	50.1120910644	59.0000000000
44433564	50.1134338378	59.0000000000
44458012	50.1114120483	59.0000000000
44482464	50.1148681640	59.0000000000
44506800	50.1127777099	59.0000000000
44531232	50.1110076904	59.0000000000
44555668	50.1126556396	59.0000000000
44580100	50.1116790771	59.0000000000
44604536	50.1133728027	59.0000000000
44628976	50.1126708984	59.0000000000
44653336	50.1109390258	59.0000000000
44677768	50.1117553710	59.0000000000
44702208	50.1104431152	59.0000000000
44726644	50.1127548217	59.0000000000
44751000	50.1100921630	59.0000000000
44775444	50.1139602661	59.0000000000
44799876	50.1097564697	59.0000000000
44824416	50.1121749877	59.0000000000
44848848	50.1123886108	59.0000000000
44873292	50.1099700927	59.0000000000
44897716	50.1094360351	59.0000000000
44922156	50.1112899780	59.0000000000
44946588	50.1120071411	59.0000000000
44971028	50.1093902587	59.0000000000
44995460	50.1110229492	59.0000000000
45019888	50.1095275878	59.0000000000
45044328	50.1123504638	59.0000000000
45068768	50.1117401123	59.0000000000
45093124	50.1118698120	59.0000000000
45117560	50.1086730957	59.0000000000
45142000	50.1103820800	59.0000000000
45166428	50.1088485717	59.0000000000
45190864	50.1129302978	59.0000000000
45215304	50.1109924316	59.0000000000
45239732	50.1117858886	59.0000000000
45264168	50.1109542846	59.0000000000
45288604	50.1090240478	59.0000000000
45312932	50.1114883422	59.0000000000
45337372	50.1117935180	59.0000000000
45361800	50.1111297607	59.0000000000
45386240	50.1076965332	59.0000000000
45410676	50.1078491210	59.0000000000
45435032	50.1090087890	59.0000000000
45459364	50.1091537475	59.0000000000
45483800	50.1093521118	59.0000000000
45508232	50.1111526489	59.0000000000
45532672	50.1132049560	59.0000000000
45557112	50.1094055175	59.0000000000
45581464	50.1091079711	59.0000000000
45605908	50.1115341186	59.0000000000
45630356	50.1083831787	59.0000000000
45654704	50.1082992553	59.0000000000
45679068	50.1096038818	59.0000000000
45703500	50.1098022460	59.0000000000
45727832	50.1109237670	59.0000000000
45752264	50.1119918823	59.0000000000
45776696	50.1114196777	59.0000000000
45801140	50.1097793579	59.0000000000
45825500	50.1140289306	59.0000000000
45849856	50.1087112426	59.0000000000
45874196	50.1082000732	59.0000000000
45898628	50.1110076904	59.0000000000
45923060	50.1105270385	59.0000000000
45947496	50.1092681884	59.0000000000
45971936	50.1106796264	59.0000000000
45996364	50.1097412109	59.0000000000
46020808	50.1143722534	59.0000000000
46045252	50.1122665405	59.0000000000
46069596	50.1136169433	59.0000000000
46094032	50.1140289306	59.0000000000
46118472	50.1101531982	59.0000000000
46142900	50.1080017089	59.0000000000
46167340	50.1115036010	59.0000000000
46191772	50.1093063354	59.0000000000
46216212	50.1083221435	59.0000000000
46240644	50.1106643676	59.0000000000
46265076	50.1115188598	59.0000000000
46289520	50.1094055175	59.0000000000
46313956	50.1115341186	59.0000000000
46338308	50.1143951416	59.0000000000
46362752	50.1112823486	59.0000000000
46387204	50.1124191284	59.0000000000
46411652	50.1122970581	59.0000000000
46436084	50.1122894287	59.0000000000
46460520	50.1133117675	59.0000000000
46484964	50.1113128662	59.0000000000
46509428	50.1137695312	59.0000000000
46533860	50.1098556518	59.0000000000
46558300	50.1098175048	59.0000000000
46582728	50.1129684448	59.0000000000
46607164	50.1117553710	59.0000000000
46631604	50.1132583618	59.0000000000
46655964	50.1119995117	59.0000000000
46680324	50.1138763427	59.0000000000
46704760	50.1091690063	59.0000000000
46729196	50.1110076904	59.0000000000
46753628	50.1120452880	59.0000000000
46778064	50.1088562011	59.0000000000
46802504	50.1132507324	59.0000000000
46826932	50.1110153198	59.0000000000
46851372	50.1125488281	59.0000000000
46875804	50.1133804321	59.0000000000
46900248	50.1113281250	59.0000000000
46924596	50.1109313964	59.0000000000
46949044	50.1130599975	59.0000000000
46973404	50.1095275878	59.0000000000
46997764	50.1106719970	59.0000000000
47022200	50.1122436523	59.0000000000
47046640	50.1076507568	59.0000000000
47071000	50.1163482666	59.0000000000
47095368	50.1125106811	59.0000000000
47119796	50.1087341308	59.0000000000
47144232	50.1102294921	59.0000000000
47168668	50.1113357543	59.0000000000
47193116	50.1114730834	59.0000000000
47217544	50.1124191284	59.0000000000
47242080	50.1084594726	59.0000000000
47266512	50.1134109497	59.0000000000
47290976	50.1123046875	59.0000000000
47315424	50.1099243164	59.0000000000
47339852	50.1099700927	59.0000000000
47364296	50.1133422851	59.0000000000
47388828	50.1082458496	59.0000000000
47413268	50.1121520996	59.0000000000
47437700	50.1109466552	59.0000000000
47462132	50.1107177734	59.0000000000
47486488	50.1098785400	59.0000000000
47510924	50.1106414794	59.0000000000
47535364	50.1123809814	59.0000000000
47559800	50.1131591796	59.0000000000
47584240	50.1136856079	59.0000000000
47608668	50.1090545654	59.0000000000
47633104	50.1100006103	59.0000000000
47657612	50.1110839843	59.0000000000
47682048	50.1092529296	59.0000000000
47706484	50.1088180541	59.0000000000
47730916	50.1107177734	59.0000000000
47755352	50.1089706420	59.0000000000
47779784	50.1101989746	59.0000000000
47804220	50.1134185791	59.0000000000
47828660	50.1095123291	59.0000000000
47853088	50.1093597412	59.0000000000
47877524	50.1092681884	59.0000000000
47901956	50.1089630126	59.0000000000
47926396	50.1086654663	59.0000000000
47950832	50.1128005981	59.0000000000
47975368	50.1127471923	59.0000000000
47999804	50.1097335815	59.0000000000
48024244	50.1081008911	59.0000000000
48048672	50.1106643676	59.0000000000
48073108	50.1122970581	59.0000000000
48097540	50.1064529418	59.0000000000
48121976	50.1096649169	59.0000000000
48146416	50.1131057739	59.0000000000
48170844	50.1084518432	59.0000000000
48195280	50.1095504760	59.0000000000
48219720	50.1118774414	59.0000000000
48244192	50.1127471923	59.0000000000
48268548	50.1076278686	59.0000000000
48292984	50.1114120483	59.0000000000
48317424	50.1094818115	59.0000000000
48341852	50.1133422851	59.0000000000
48366316	50.1114044189	59.0000000000
48390760	50.1092376708	59.0000000000
48415200	50.1092987060	59.0000000000
48439628	50.1098480224	59.0000000000
48464072	50.1098556518	59.0000000000
48488428	50.1099472045	59.0000000000
48512860	50.1104049682	59.0000000000
48537296	50.1107482910	59.0000000000
48561736	50.1125793457	59.0000000000
48586204	50.1108322143	59.0000000000
48610636	50.1114425659	59.0000000000
48635080	50.1096954345	59.0000000000
48659436	50.1110305786	59.0000000000
48683880	50.1117553710	59.0000000000
48708332	50.1107559204	59.0000000000
48732776	50.1073608398	59.0000000000
48757216	50.1087799072	59.0000000000
48781644	50.1091079711	59.0000000000
48806088	50.1106033325	59.0000000000
48830520	50.1112060546	59.0000000000
48854876	50.1105346679	59.0000000000
48879312	50.1102523803	59.0000000000
48903752	50.1116027832	59.0000000000
48928116	50.1096191406	59.0000000000
48952552	50.1083984375	59.0000000000
48976988	50.1102371215	59.0000000000
49001416	50.1115875244	59.0000000000
49025852	50.1128845214	59.0000000000
49050292	50.1122665405	59.0000000000
49074720	50.1115722656	59.0000000000
49099076	50.1076278686	59.0000000000
49123528	50.1095733642	59.0000000000
49147960	50.1084136962	59.0000000000
49172388	50.1121749877	59.0000000000
49196828	50.1100158691	59.0000000000
49221364	50.1081848144	59.0000000000
49245800	50.1075134277	59.0000000000
49270240	50.1123199462	59.0000000000
49294592	50.1114501953	59.0000000000
49319032	50.1091384887	59.0000000000
49343472	50.1094818115	59.0000000000
49367900	50.1104278564	59.0000000000
49392336	50.1111602783	59.0000000000
49416780	50.1093826293	59.0000000000
49441248	50.1127243041	59.0000000000
49465604	50.1111679077	59.0000000000
49490040	50.1132049560	59.0000000000
49514480	50.1115646362	59.0000000000
49538948	50.1121673583	59.0000000000
49563484	50.1114807128	59.0000000000
49587920	50.1120452880	59.0000000000
49612360	50.1087188720	59.0000000000
49636788	50.1113891601	59.0000000000
49661224	50.1134185791	59.0000000000
49685676	50.1126937866	59.0000000000
49710020	50.1122817993	59.0000000000
49734456	50.1114654541	59.0000000000
49758900	50.1094055175	59.0000000000
49783260	50.1109161376	59.0000000000
49807692	50.1107864379	59.0000000000
49832136	50.1092300415	59.0000000000
49856568	50.1081542968	59.0000000000
49881028	50.1132888793	59.0000000000
49905464	50.1128311157	59.0000000000
49929908	50.1091842651	59.0000000000
49954332	50.1129150390	59.0000000000
49978772	50.1111755371	59.0000000000
50003204	50.1096801757	59.0000000000
50027640	50.1108856201	59.0000000000
50052080	50.1084289550	59.0000000000
50076508	50.1131057739	59.0000000000
50100944	50.1094665527	59.0000000000
50125384	50.1128082275	59.0000000000
50149812	50.1109619140	59.0000000000
50174248	50.1117477416	59.0000000000
50198684	50.1120986938	59.0000000000
50223124	50.1091995239	59.0000000000
50247584	50.1107406616	59.0000000000
50272028	50.1094894409	59.0000000000
50296456	50.1079788208	59.0000000000
50320896	50.1108703613	59.0000000000
50345332	50.1109924316	59.0000000000
50369764	50.1105651855	59.0000000000
50394200	50.1078186035	59.0000000000
50418632	50.1111907958	59.0000000000
50443068	50.1083221435	59.0000000000
50467508	50.1108551025	59.0000000000
50491868	50.1095962524	59.0000000000
50516224	50.1072387695	59.0000000000
50540564	50.1125259399	59.0000000000
50565024	50.1099319458	59.0000000000
50589360	50.1130828857	59.0000000000
50613804	50.1093063354	59.0000000000
50638256	50.1081542968	59.0000000000
50662696	50.1109542846	59.0000000000
50687132	50.1098861694	59.0000000000
50711580	50.1091384887	59.0000000000
50735932	50.1126937866	59.0000000000
50760372	50.1094589233	59.0000000000
50784732	50.1096801757	59.0000000000
50809092	50.1143798828	59.0000000000
50833528	50.1130981445	59.0000000000
50857964	50.1099166870	59.0000000000
50882328	50.1122131347	59.0000000000
50906688	50.1149215698	59.0000000000
50931124	50.1121826171	59.0000000000
50955560	50.1102447509	59.0000000000
50979996	50.1125640869	59.0000000000
51004436	50.1084213256	59.0000000000
51028868	50.1087570190	59.0000000000
51053300	50.1115570068	59.0000000000
51077736	50.1100006103	59.0000000000
51102176	50.1074981689	59.0000000000
51126532	50.1117248535	59.0000000000
51150968	50.1107864379	59.0000000000
51175408	50.1102447509	59.0000000000
51199768	50.1126937866	59.0000000000
51224128	50.1081314086	59.0000000000
51248564	50.1098785400	59.0000000000
51273000	50.1117935180	59.0000000000
51297432	50.1132125854	59.0000000000
51321876	50.1087951660	59.0000000000
51346312	50.1085739135	59.0000000000
51370740	50.1145553588	59.0000000000
51395184	50.1106109619	59.0000000000
51419540	50.1096801757	59.0000000000
51443972	50.1116638183	59.0000000000
51468424	50.1111755371	59.0000000000
51492772	50.1085815429	59.0000000000
51517212	50.1087646484	59.0000000000
51541748	50.1132202148	59.0000000000
51566192	50.1130523681	59.0000000000
51590624	50.1091003417	59.0000000000
51615052	50.1108779907	59.0000000000
51639496	50.1106796264	59.0000000000
51663928	50.1090316772	59.0000000000
51688284	50.1131286621	59.0000000000
51712724	50.1102600097	59.0000000000
51737160	50.1107025146	59.0000000000
51761524	50.1093139648	59.0000000000
51785956	50.1081848144	59.0000000000
51810392	50.1103057861	59.0000000000
51834824	50.1118316650	59.0000000000
51859260	50.1128311157	59.0000000000
51883700	50.1121749877	59.0000000000
51908128	50.1120834350	59.0000000000
51932564	50.1114501953	59.0000000000
51956996	50.1089935302	59.0000000000
51981432	50.1098480224	59.0000000000
52005872	50.1117553710	59.0000000000
52030300	50.1091613769	59.0000000000
52054736	50.1073379516	59.0000000000
52079200	50.1094436645	59.0000000000
52103648	50.1096420288	59.0000000000
52128004	50.1131286621	59.0000000000
52152444	50.1101684570	59.0000000000
52176880	50.1087570190	59.0000000000
52201308	50.1110000610	59.0000000000
52225744	50.1105575561	59.0000000000
52250188	50.1129684448	59.0000000000
52274656	50.1135025024	59.0000000000
52299012	50.1104583740	59.0000000000
52323448	50.1109085083	59.0000000000
52347884	50.1119232177	59.0000000000
52372328	50.1131820678	59.0000000000
52396780	50.1105346679	59.0000000000
52421224	50.1075973510	59.0000000000
52445664	50.1130371093	59.0000000000
52470020	50.1115951538	59.0000000000
52494460	50.1133956909	59.0000000000
52518892	50.1108474731	59.0000000000
52543324	50.1087722778	59.0000000000
52567760	50.1125183105	59.0000000000
52592204	50.1096343994	59.0000000000
52616564	50.1110458374	59.0000000000
52641000	50.1106109619	59.0000000000
52665432	50.1104583740	59.0000000000
52689864	50.1119918823	59.0000000000
52714300	50.1104736328	59.0000000000
52738740	50.1069183349	59.0000000000
52763100	50.1085968017	59.0000000000
52787532	50.1096496582	59.0000000000
52811976	50.1119537353	59.0000000000
52836332	50.1082763671	59.0000000000
52860764	50.1098480224	59.0000000000
52885200	50.1111907958	59.0000000000
52909640	50.1117630004	59.0000000000
52934068	50.1142654418	59.0000000000
52958504	50.1085968017	59.0000000000
52982940	50.1110076904	59.0000000000
53007380	50.1107559204	59.0000000000
53031816	50.1097412109	59.0000000000
53056352	50.1084289550	59.0000000000
53080784	50.1112899780	59.0000000000
53105224	50.1119003295	59.0000000000
53129588	50.1100692749	59.0000000000
53154024	50.1116485595	59.0000000000
53178456	50.1126403808	59.0000000000
53202888	50.1114807128	59.0000000000
53227320	50.1121826171	59.0000000000
53251764	50.1110076904	59.0000000000
53276192	50.1110534667	59.0000000000
53300628	50.1077041625	59.0000000000
53325060	50.1094970703	59.0000000000
53349396	50.1118698120	59.0000000000
53373828	50.1102676391	59.0000000000
53398260	50.1122207641	59.0000000000
53422704	50.1118698120	59.0000000000
53447136	50.1096649169	59.0000000000
53471492	50.1110534667	59.0000000000
53495928	50.1116943359	59.0000000000
53520368	50.1075897216	59.0000000000
53544728	50.1105499267	59.0000000000
53569268	50.1100769042	59.0000000000
53593704	50.1106185913	59.0000000000
53618144	50.1113510131	59.0000000000
53642500	50.1096954345	59.0000000000
53666936	50.1095886230	59.0000000000
53691376	50.1102447509	59.0000000000
53715804	50.1103210449	59.0000000000
53740240	50.1067428588	59.0000000000
53764680	50.1109085083	59.0000000000
53789108	50.1097030639	59.0000000000
53813448	50.1111755371	59.0000000000
53837804	50.1107559204	59.0000000000
53862240	50.1069488525	59.0000000000
53886672	50.1104125976	59.0000000000
53911136	50.1118850708	59.0000000000
53935584	50.1098480224	59.0000000000
53960012	50.1126861572	59.0000000000
53984456	50.1097106933	59.0000000000
54008812	50.1111068725	59.0000000000
54033244	50.1095275878	59.0000000000
54057680	50.1104125976	59.0000000000
54082144	50.1046447753	59.0000000000
54106592	50.1136169433	59.0000000000
54130948	50.1100387573	59.0000000000
54155384	50.1143646240	59.0000000000
54179824	50.1081161499	59.0000000000
54204252	50.1135025024	59.0000000000
54228688	50.1119308471	59.0000000000
54253152	50.1129608154	59.0000000000
54277600	50.1104278564	59.0000000000
54302028	50.1129455566	59.0000000000
54326472	50.1149902343	59.0000000000
54350904	50.1077728271	59.0000000000
54375332	50.1081237792	59.0000000000
54399768	50.1081237792	59.0000000000
54424200	50.1083526611	59.0000000000
54448640	50.1094055175	59.0000000000
54473076	50.1103515625	59.0000000000
54497508	50.1091690063	59.0000000000
